194
195
196
197
198
199
200
201
202
203
204
205
206
207
208
209
210
211
212
215
216
217
218
219
220
221
222
223
224
225
226
229
230
231
232
233
234
235
236
237
238
239
240
241
242
243
244
245
246
247
248
249
250
251
252
253
254
255
260
261
262
263
264
265
266
267
268
269
270
271
272
273
276
277
278
279
280
281
282
283
284
287
288
289
290
326
327
328
329
330
331
332
333
334
335
338
341
342
343
344
345
346
347
348
349
350
351
352
353
354
355
356
357
358
359
360
361
362
363
366
367
370
380
381
382
383
384
385
386
387
388
389
390
394
395
396
397
398
399
403
404
405
406
407
408
409
410
411
412
413
646
647
648
649
650
651
710
711
712
713
714
715
718
719
720
721
722
723
724
725
726
727
728
729
730
731
732
735
736
737
740
741
742
745
748
749
750
751
752
753
754
755
756
757
758
759
760
761
762
763
764
765
766
767
768
769
770
771
772
773
774
775
778
779
780
781
782
783
784
785
795
796
797
798
799
802
803
804
805
806
807
808
809
810
811
812
813
814
815
816
817
818
819
820
821
822
823
824
825
854
855
856
857
858
859
860
861
862
863
864
867
876
877
878
879
880
881
882
883
884
885
886
887
888
889
892
893
894
895
896
899
900
901
902
903
904
905
906
907
908
909
910
911
912
913
914
915
916
917
918
919
920
921
924
925
926
927
928
929
930
931
932
933
934
935
936
937
938
939
940
941
942
943
944
945
946
947
948
949
950
951
952
953
954
955
956
957
958
959
960
961
962
963
964
965
966
967
968
969
970
986
987
988
989
990
991
992
995
998
1001
1002
1038
1039
1040
1041
1042
1043
1044
1045
1046
1047
1048
1049
1050
1051
1052
1053
1054
1055
1056
1057
1058
1059
1060
1061
1062
1063
1064
1065
1066
1067
1068
1069
1070
1071
1073
1074
1075
1078
1079
1080
1081
1082
1083
1084
1087
1088
1089
1090
1091
1092
1093
1094
1095
1096
1099
1100
1103
1104
1105
1106
1107
1108
1109
1110
1111
1112
1113
1114
1115
1118
1119
1120
1121
1125
1126
1127
1128
1129
1130
1131
1132
1135
1136
1137
1138
1230
1231
1235
1236
1237
1238
1239
1240
1241
1242
1243
1244
1245
1246
1247
1248
1258
1259
1363
1364
1365
1366
1367
1368
1369
1370
1371
1372
1373
1374
1375
1376
1377
1378
1379
1380
1381
1382
1383
1384
1385
1386
1387
1388
1389
1390
1391
1392
1393
1394
1395
1396
1397
1398
1399
1400
1401
1402
1403
1404
1405
1406
1407
1460
1527
1543
1544
1545
1546
1572
1609
1727
1853
1854
1949
1992
2007
2008
2035
2036
2152
2153
2226
2248
2249
2289
2290
2291
2292
2293
2294
2295
2296
2297
2298
2299
2300
2301
2302
2303
2304
2305
2306
2307
2308
2309
2310
2311
2312
2313
2314
2315
2316
2317
2318
2319
2320
2321
2322
2323
2324
2325
2326
2327
2328
2329
2330
2331
2332
2333
2334
2335
2336
2337
2338
2341
2342
2343
2344
2345
2346
2347
2350
2351
2352
2353
2354
2355
2358
2359
2405
2428
2430
2431
2432
2433
2434
2435
2436
2437
2438
2439
2440
2441
2442
2443
2444
2445
2446
2449
2450
2451
2452
2453
2454
2455
2456
2457
2458
2459
2460
2461
2462
2463
2464
2465
2466
2467
2468
2469
2470
2471
2472
2473
2474
2475
2476
2477
2478
2479
2480
2481
2482
2483
2484
2485
2486
2487
2488
2489
2490
2491
2492
2493
2494
2495
2496
2497
2498
2499
2500
2501
2502
2503
2504
2525
2547
2563
2578
2579
2580
2595
2596
2597
2598
2599
2600
2601
2602
2603
2604
2605
2606
2681
2682
2683
2684
2685
2686
2687
2688
2689
2690
2691
2692
2693
2694
2695
2696
2697
2698
2699
2700
2701
2702
2703
2704
2705
2706
2707
2711
2712
2713
2714
2715
2716
2717
2718
2719
2720
2721
2722
2723
2724
2725
2726
2727
2728
2729
2730
2731
2732
2733
2734
2735
2736
2737
2738
2739
2740
2741
2742
2743
2744
2745
2746
2747
2748
2749
2750
2751
2752
2753
2754
2755
2756
2757
2758
2759
2760
2761
2762
2763
2764
2765
2766
2767
2768
2769
2770
2771
2772
2773
2774
2775
2776
2777
2778
2779
2780
2781
2782
2783
2784
2806
2807
2808
2809
2810
2811
2812
2813
2814
2815
2816
2817
2818
2819
2820
2821
2822
2823
2824
2825
2826
2827
2828
2829
2830
2831
2832
2833
2834
2835
2836
2837
2838
2839
2840
2841
2842
2843
2844
2845
2846
2847
2848
2849
2850
2851
2852
2853
2854
2855
2856
2857
2858
2859
2860
2861
2862
2863
2864
2865
2866
2867
2868
2869
2870
2871
2872
2873
2874
2875
2876
2877
2878
2879
2880
2881
2882
2885
2886
2887
2888
2889
2890
2891
2892
2893
2894
2897
2934
2935
2936
2937
2938
2939
2949
3005
3006
3007
3008
3009
3010
3011
3012
3015
3016
3017
3018
3019
3020
3021
3022
3023
3024
3025
3026
3027
3028
3029
3030
3031
3032
3033
3034
3035
3036
3037
3038
3039
3043
3044
3045
3046
3047
3048
3049
3282
3283
3284
3285
3288
3289
3290
3291
3292
3293
3294
3295
3296
3297
3298
3299
3300
3301
3302
3303
3304
3305
3449
3450
3451
3452
3453
3464
3465
3468
3469
3470
3471
3472
3473
3518
3519
3520
3521
3522
3523
3524
3525
3526
3527
3528
3529
3538
3539
3585
3586
3587
3588
3628
3629
3630
3631
3632
3633
3634
3635
3636
3637
3638
3639
3640
3641
3642
3643
3644
3645
3646
3647
3648
3649
3650
3651
3652
3653
3654
3655
3656
3657
3658
3659
3660
3661
3662
3663
3664
3665
3666
3667
3668
3669
3670
3671
3672
3673
3674
3675
3676
3677
3678
3679
3680
3681
3682
3683
3684
3685
3686
3687
3688
3689
3690
3691
3692
3693
3694
3695
3696
3697
3698
3699
3700
3701
3702
3713
3714
3715
3716
3717
3718
3719
3720
3721
3722
3723
3724
3725
3726
3730
3731
3732
3733
3734
3735
3736
3815
3816
3819
3820
3821
3822
3823
3824
3825
3826
3827
3828
3829
3830
3831
3832
3833
3834
3837
3838
3839
3840
3841
3842
3843
3844
3908
3909
3910
3939
3940
3941
3942
3943
3944
3945
3946
3947
3948
3951
3952
3953
3954
3955
3956
3957
3958
3959
3960
3961
3962
3963
3964
3965
3966
3967
3968
3969
3970
3971
3972
3973
3974
3975
3976
3977
3978
3979
3980
3981
3982
3983
3984
3999
4000
4001
4002
4003
4008
4009
4010
4011
4012
4013
4014
4015
4016
4017
4018
4019
4020
4021
4022
4023
4028
4029
4030
4042
4043
4047
4049
4050
4073
4074
4075
4076
4077
4078
4079
4080
4081
4085
4086
4088
4089
4090
4091
4092
4093
4096
4097
4100
4103
4104
4105
4106
4107
4108
4109
4110
4111
4130
4131
4136
4137
4140
4141
4142
4143
4144
4145
4146
4149
4150
4151
4152
4153
4154
4159
4160
4161
4162
4163
4164
4165
4166
4167
4168
4169
4170
4171
4172
4173
4174
4175
4178
4179
4300
4301
4302
14484
14488
14489
14490
14491
14492
14493
14497
14498
14499
14500
14501
14502
14503
14504
14505
14506
14507
14508
14509
14510
14511
14512
14515
14516
14517
14518
14519
14526
14531
14532
14536
14537
14538
14539
14540
14541
14562
14563
14564
14565
14566
14567
14568
14569
14570
14571
14574
14575
14576
14577
14579
14580
14581
14582
14583
14584
14585
14586
14587
14588
14589
14590
14593
14594
14595
14596
14597
14598
14599
14600
14601
14616
14619
14620
14625
14626
14629
14630
14631
14632
14633
14634
14635
14636
14638
14639
14640
14641
14642
14643
14648
14649
14650
14651
14652
14653
14654
14655
14656
14657
14658
14659
14660
14661
14662
14663
14664
14665
14667
14668
14790
14791
14792
15115
15305
15306
15307
14787
14779
14780
14781
14782
14783
14784
14785
14786
4289
4290
4291
14788
4292
4293
4294
4295
4296
4297
4298
15040
14977
15046
15047
15048
14967
15052
14969
14996
14997
14998
15031
15032
15033
15029
14970
14971
15028
14914
14915
14916
14917
14898
14934
128
134
136
137
138
140
141
142
148
151
169
171
79
15313
83
85
86
87
89
90
91
97
545
642
589
591
531
532
501
533
539
414
15238
15239
15241
15242
15243
15245
15153
15282
15250
15251
15156
15127
15130
1326
1327
1328
1329
1330
1331
1332
1333
1334
1335
1336
1337
1338
1339
1340
1341
1342
1343
1344
1345
1346
1347
1348
1349
1350
1351
1352
1353
1354
1355
1356
1357
1358
1359
1360
1361
4224
14713
14714
4216
14706
14707
14708
14709
14710
14711
14712
4217
4218
4219
4220
4221
4222
4223
1217
1218
1219
1220
1221
1222
1223
1224
1225
1226
1227
1228
1229
4384
4385
4386
4387
4388
4389
14866
14867
14868
14869
14870
14871
14872
4383
3435
3436
3437
3438
3439
3440
3441
3314
3443
3444
3445
3446
3312
3448
3313
3315
3442
3420
3264
3265
3137
3267
3270
3207
3208
3209
3210
3144
3146
3280
3251
3253
3261
3262
3263
2082
2083
2084
2085
2086
2087
2088
2089
2090
2101
2102
2103
2104
2105
2106
2107
2108
2109
2110
2111
2112
2113
2114
2115
2116
2117
2118
2119
2120
2121
2122
2123
2124
2125
2126
2127
2128
2129
2130
2131
2132
2133
2134
2135
2136
1665
1697
1699
1611
1715
1716
1717
1719
1721
1722
1692
1725
1726
1794
1796
1799
1800
1801
1802
1804
1806
1814
1817
4353
4354
4355
4356
4357
4358
4359
4360
14817
14818
4328
4329
4330
14837
14838
14839
14840
14841
14842
14843
2181
2217
2218
2219
2220
2224
2225
2196
2205
2206
3863
3860
3861
3894
3895
3864
3862
3865
3758
3759
3760
3761
3762
3763
3764
3803
3804
3805
3806
3807
3808
3809
3810
3811
3812
3813
3814
1440
1441
1442
1414
1458
1459
1437
1439
2978
2979
2980
2981
2982
2983
2984
2985
3004
1860
1939
1940
1941
1942
1945
1946
1947
1948
3113
3118
3087
3088
3121
3122
3089
3092
3093
3123
4320
4321
4322
4323
14793
4303
14808
14809
14810
14811
14812
14813
4318
4319
1991
1970
1973
1974
1976
1977
1981
1983
1890
1891
1896
1897
1906
1855
707
708
681
684
691
667
670
3618
3620
3621
3622
3623
3624
3626
3627
3602
3603
3604
3605
2281
2282
2283
2284
2285
2286
2287
2256
2257
2258
2259
2624
2625
2626
2627
2670
2671
2672
2673
2674
2675
2676
2677
2678
2679
2680
2622
2623
2395
2388
2389
2390
2391
2392
2393
2394
2363
2364
2365
3568
3570
3571
3572
3574
3575
4066
4067
4068
14556
14557
14558
1506
1507
1508
1509
1510
1511
1512
1513
1514
1515
1462
1463
320
321
322
323
324
325
319
1845
1846
1848
1849
1850
1852
2926
2927
2928
2929
2931
2932
2933
1570
1571
1549
1556
1560
1561
2019
2034
2011
2012
2013
2015
2531
2508
2509
2510
2520
2521
2522
2523
2524
14613
14614
14615
4124
4125
4126
15107
15108
15109
15110
15111
15112
15113
15114
2242
2235
2237
2238
3488
3475
3476
3508
3509
3484
3517
3485
3487
2420
2421
2422
2424
2425
2426
847
848
849
850
851
852
853
1601
1602
1604
1574
1607
1575
1606
1608
1590
193
188
189
190
191
3913
3927
3928
3929
3931
15280
15279
15301
15302
15303
15304
15288
2000
2001
2002
1999
2565
2566
2574
2575
2576
2577
2560
2561
2562
2558
2559
2801
2802
2803
2804
2805
3562
3566
2587
2588
2589
2590
3912
3930
3926
3985
3986
3988
3991
1027
1028
1029
1030
376
377
378
379
1018
1536
1537
1534
1535
2941
2942
3704
3712
3710
3711
1005
1252
1253
3533
3534
3535
15281
1008
2788
793
794
977
985
982
4033
4036
4037
14522
14525
4048
14534
4045
4046
4072
4053
14542
4112
4129
14602
14618
258
786
873
2912
3454
4084
14572
14573
392
391
401
402
979
1123
1124
1233
1234
2427
2423
2710
3041
3042
3456
3462
3463
3727
3998
14486
4005
14494
4006
14495
4024
14513
4032
14521
14529
14530
14592
4102
4132
14621
4134
14623
14627
14628
4148
14637
4156
14645
4158
14647
4177
14666
192
213
227
274
286
336
340
365
716
734
738
744
746
776
800
866
869
874
891
897
922
980
993
996
999
1077
1086
1098
1101
1116
1134
1254
1700
2080
2340
2348
2356
2448
2884
2895
3014
3287
3466
3590
3818
3836
3950
4027
4038
4052
4087
4095
4099
14527
