2610
2611
2612
2613
2614
2616
2618
2619
2622
2626
2634
2642
2645
2646
2652
2654
2657
2659
2661
2664
2665
2666
2667
2685
2687
2692
2696
2699
2701
2704
2705
2706
2708
2709
2715
2719
2720
2721
2739
2749
2754
2755
2757
2758
2760
2762
2764
2765
2766
2772
2775
2776
2780
2782
2783
2784
2785
2786
2787
2790
2913
3201
3202
3204
3206
3207
3209
3210
3211
3213
3214
3215
3216
3218
3219
3220
3222
3224
3225
3226
3233
3237
3243
3246
3247
3250
3255
3261
3265
3268
3272
3273
3276
3281
3285
3290
3292
3295
3299
3300
3302
3303
3306
3310
3311
3313
3322
3326
3327
3331
3335
3336
3338
3339
3340
3345
3349
3350
3352
3353
3354
3356
3360
3364
3365
3367
3368
3369
3371
3384
3385
3386
3387
3393
3396
3397
3398
3400
3401
3402
3404
3407
3411
3412
3413
3421
3425
3427
3428
3429
3435
3437
3438
3442
3447
3452
3453
3460
3468
3477
3487
3495
3498
3510
3518
3520
3523
3531
3533
3537
3545
3547
3552
3560
3568
3576
3578
3585
3593
3595
3603
3611
3622
3630
3631
3632
3649
3650
3653
3654
3655
3659
3660
3662
3663
3664
3665
3666
3667
3668
3669
3670
3671
3672
3673
3674
3675
3676
3677
3678
3679
3680
3681
3682
3683
3684
3685
3686
3687
3688
3689
3690
3691
3692
3693
3694
3695
3696
3697
3698
3699
3700
3701
3702
3703
3704
3705
3706
3707
3708
3709
3710
3711
3712
3713
3714
3715
3716
3717
3718
3719
3720
3721
3722
3723
3728
3729
3730
3731
3732
3733
3734
3735
3736
3737
3738
3739
3740
3741
3744
3745
3746
3747
3748
3749
3750
3751
3752
3755
3756
3757
3758
3759
3794
3795
3796
3797
3798
3799
3800
3801
3802
3803
3806
3809
3810
3811
3812
3813
3814
3815
3816
3817
3818
3819
3820
3821
3822
3823
3824
3825
3826
3827
3828
3829
3830
3831
3832
3833
3834
3835
3838
3840
3842
3843
3844
3845
3847
3848
3849
3850
3851
3852
3853
3854
3855
3856
3857
3858
3859
3860
3861
3862
3863
3864
3865
3866
3867
3869
3871
3872
3873
3874
3875
3876
3877
3878
3879
3880
3881
3882
3883
3885
3886
3888
3889
3892
3893
3897
3903
3904
3908
3910
3911
3915
3917
3918
3919
3923
3925
3926
3927
3928
3932
3934
3935
3938
3942
3945
3948
3949
3953
3955
3956
3959
3960
3961
3965
3967
3968
3971
3974
3978
3980
3984
4002
4003
4007
4009
4010
4013
4017
4018
4025
4026
4033
4035
4042
4043
4050
4053
4060
4061
4068
4072
4079
4080
4092
4093
4097
4099
4100
4103
4107
4111
4112
4114
4115
4116
4117
4118
4119
4176
4178
4179
4180
4181
4182
4183
4184
4185
4186
4187
4188
4189
4190
4191
4192
4193
4194
4195
4196
4197
4198
4199
4200
4203
4204
4205
4206
4207
4208
4209
4210
4213
4216
4217
4218
4219
4220
4221
4222
4223
4224
4225
4226
4227
4228
4229
4230
4231
4232
4233
4234
4235
4236
4237
4238
4239
4240
4241
4242
4243
4246
4247
4248
4249
4250
4251
4252
4253
4254
4255
4256
4257
4258
4259
4260
4261
4262
4263
4264
4265
4266
4267
4270
4271
4272
4273
4274
4275
4276
4277
4278
4279
4280
4281
4282
4283
4284
4285
4286
4287
4288
4289
4290
4291
4292
4293
4294
4295
4296
4297
4298
4299
4300
4301
4302
4303
4304
4305
4306
4307
4308
4309
4310
4311
4312
4313
4314
4315
4316
4317
4318
4319
4320
4321
4322
4323
4324
4325
4326
4327
4328
4329
4330
4331
4332
4335
4344
4345
4346
4347
4348
4349
4350
4351
4352
4353
4354
4355
4356
4357
4358
4359
4360
4361
4362
4363
4364
4365
4366
4367
4368
4369
4370
4371
4372
4373
4374
4375
4376
4377
4378
4379
4380
4381
4382
4383
4384
4385
4386
4387
4388
4389
4390
4391
4392
4393
4394
4395
4396
4397
4398
4399
4400
4401
4402
4403
4404
4405
4406
4407
4408
4409
4410
4411
4412
4413
4414
4415
4416
4417
4418
4419
4420
4421
4422
4423
4424
4425
4426
4427
4428
4429
4430
4431
4432
4433
4434
4435
4436
4437
4438
4439
4440
4441
4442
4443
4444
4445
4446
4447
4448
4449
4450
4451
4452
4453
4454
4455
4456
4457
4458
4459
4460
4461
4462
4463
4466
4469
4470
4471
4472
4473
4474
4475
4476
4477
4478
4479
4480
4481
4482
4483
4484
4485
4486
4487
4489
4490
4491
4492
4493
4494
4495
4496
4497
4498
4499
4500
4501
4502
4503
4504
4505
4506
4507
4508
4509
4510
4511
4512
4513
4514
4515
4516
4517
4518
4519
4520
4521
4522
4523
4524
4525
4526
4527
4528
4529
4530
4531
4532
4533
4534
4535
4536
4537
4538
4539
4540
4541
4542
4543
4546
4547
4548
4549
4550
4551
4552
4555
4556
4557
4558
4559
4560
4561
4562
4563
4564
4567
4568
4571
4572
4573
4574
4575
4576
4577
4578
4579
4580
4581
4582
4583
4586
4587
4588
4589
4593
4594
4595
4596
4597
4598
4599
4600
4603
4604
4605
4606
4607
4608
4609
4610
4611
4612
4613
4614
4615
4616
4617
4618
4619
4620
4621
4628
4629
4630
4631
4632
4633
4634
4635
4642
4652
4653
4654
4655
4656
4657
4658
4659
4660
4661
4662
4663
4664
4665
4666
4667
4668
4669
4670
4671
4672
4673
4674
4675
4676
4677
4678
4679
4680
4681
4682
4683
4684
4685
4686
4687
4688
4689
4690
4691
4692
4693
4694
4695
4696
4697
4698
4699
4700
4701
4702
4703
4704
4705
4706
4707
4708
4709
4710
4711
4712
4713
4714
4715
4716
4717
4718
4719
4722
4723
4724
4725
4726
4727
4735
4739
4781
4795
4796
4797
4798
4799
4800
4801
4802
4806
4807
4808
4809
4810
4811
4812
4813
4816
4818
4819
4820
4821
4822
4823
4824
4825
4829
4831
4832
4833
4834
4835
4836
4837
4838
4839
4840
4841
4842
4843
4844
4845
4846
4847
4848
4849
4850
4851
4852
4853
4854
4855
4856
4857
4858
4859
4860
4861
4862
4863
4864
4865
4866
4867
4868
4869
4870
4871
4872
4873
4874
4875
4928
4929
4930
4931
4935
4936
4937
4938
4940
4941
4944
4945
4946
4947
4948
4949
4951
4954
4955
4956
4957
4958
4959
4960
4961
4962
4963
4964
4965
4966
4967
4968
4969
4970
4971
4972
4973
4974
4975
4976
4979
4980
4981
4982
4983
4984
4985
4986
4987
4988
4991
4993
4995
4996
4997
4998
4999
5000
5001
5002
5003
5004
5005
5006
5007
5008
5009
5010
5011
5012
5013
5014
5024
5028
5040
5041
5042
5044
5047
5051
5056
5062
5069
5077
5078
5079
5081
5084
5088
5092
5093
5097
5103
5106
5110
5112
5113
5118
5121
5123
5127
5129
5130
5132
5133
5137
5139
5140
5142
5143
5144
5148
5150
5151
5154
5156
5160
5162
5163
5165
5166
5167
5168
5169
5173
5175
5176
5178
5179
5180
5182
5186
5188
5189
5191
5192
5194
5195
5196
5198
5200
5201
5203
5204
5205
5207
5208
5209
5212
5213
5214
5218
5219
5220
5242
5243
5244
5250
5252
5253
5254
5260
5263
5271
5274
5275
5276
5282
5287
5288
5290
5292
5293
5295
5296
5297
5299
5300
5301
5302
5304
5305
5306
5307
5308
5310
5311
5312
5314
5316
5317
5318
5321
5322
5323
5324
5325
5326
5327
5328
5329
5330
5331
5333
5334
5335
5337
5338
5339
5340
5342
5344
5345
5346
5348
5350
5351
5352
5353
5355
5357
5358
5359
5364
5365
5366
5367
5368
5370
5372
5373
5375
5376
5377
5379
5381
5383
5384
5385
5386
5388
5390
5392
5393
5394
5395
5396
5398
5400
5402
5403
5405
5406
5407
5409
5411
5413
5414
5416
5417
5438
5444
5460
5461
5462
5463
5464
5465
5466
5467
5468
5469
5470
5471
5472
5473
5474
5475
5476
5477
5478
5491
5502
5503
5504
5507
5509
5510
5512
5513
5516
5517
5521
5522
5527
5528
5534
5535
5540
5542
5548
5551
5560
5561
5567
5570
5581
5593
5620
5621
5631
5635
5640
5642
5649
5653
5656
5661
5678
5682
5685
5686
5687
5688
5692
5693
5694
5695
5698
5700
5702
5705
5707
5709
5711
5715
5716
5717
5757
5758
5759
5760
5761
5762
5763
5764
5765
5766
5767
5768
5769
5770
5771
5772
5773
5774
5775
5776
5777
5778
5779
5780
5781
5782
5783
5784
5785
5786
5787
5788
5789
5790
5791
5792
5793
5794
5795
5796
5797
5798
5799
5800
5801
5802
5803
5804
5805
5806
5807
5808
5809
5810
5811
5812
5813
5814
5815
5816
5817
5818
5819
5820
5821
5822
5823
5824
5825
5826
5827
5833
5836
5845
5851
5858
5863
5864
5870
5871
5873
5874
5876
5878
5881
5883
5885
5889
5893
5896
5898
5899
5900
5901
5902
5903
5904
5905
5906
5907
5908
5909
5910
5911
5912
5913
5914
5917
5918
5919
5920
5921
5922
5923
5924
5925
5926
5927
5928
5929
5930
5931
5932
5933
5934
5935
5936
5937
5938
5939
5940
5941
5942
5943
5944
5945
5946
5947
5948
5949
5950
5951
5952
5953
5954
5955
5956
5957
5958
5959
5960
5961
5962
5963
5964
5965
5966
5967
5968
5969
5970
5971
5972
5973
5974
5975
5976
5977
5978
5979
5980
5981
5982
5983
5985
5988
5989
5990
5991
5993
5994
5995
5997
5999
6000
6001
6002
6003
6005
6006
6007
6008
6009
6010
6011
6012
6015
6016
6018
6020
6023
6025
6031
6032
6033
6034
6035
6036
6037
6038
6039
6040
6041
6042
6043
6044
6045
6046
6047
6048
6049
6051
6053
6054
6056
6057
6058
6059
6060
6061
6063
6064
6065
6066
6067
6068
6069
6070
6071
6072
6073
6074
6077
6079
6080
6082
6083
6084
6086
6087
6088
6089
6091
6092
6093
6094
6097
6098
6099
6100
6101
6102
6104
6105
6106
6107
6108
6109
6112
6113
6114
6115
6116
6117
6120
6121
6122
6123
6124
6125
6129
6133
6134
6137
6139
6140
6141
6142
6144
6149
6150
6151
6152
6153
6154
6155
6156
6157
6158
6159
6160
6161
6162
6163
6164
6165
6166
6167
6168
6169
6170
6171
6172
6173
6174
6175
6179
6180
6181
6182
6183
6184
6185
6186
6187
6188
6189
6190
6191
6192
6193
6194
6195
6196
6197
6198
6199
6200
6201
6202
6203
6204
6205
6206
6207
6208
6209
6210
6211
6212
6213
6214
6215
6216
6217
6218
6219
6220
6221
6222
6223
6224
6225
6226
6227
6228
6229
6230
6231
6232
6233
6234
6235
6236
6237
6238
6239
6240
6241
6242
6243
6244
6245
6246
6247
6248
6249
6250
6251
6252
6253
6254
6255
6256
6257
6259
6260
6262
6263
6264
6266
6267
6268
6269
6270
6271
6272
6274
6275
6276
6277
6278
6279
6280
6281
6282
6283
6284
6285
6286
6287
6288
6289
6290
6291
6292
6293
6294
6295
6296
6297
6298
6299
6300
6301
6302
6303
6304
6305
6306
6307
6308
6309
6310
6311
6312
6313
6314
6315
6316
6317
6318
6319
6320
6321
6322
6323
6324
6325
6326
6327
6328
6329
6330
6331
6332
6333
6334
6335
6336
6337
6338
6339
6340
6341
6342
6343
6344
6345
6346
6347
6348
6349
6350
6351
6352
6353
6354
6355
6356
6357
6358
6359
6360
6361
6362
6365
6366
6368
6370
6373
6377
6380
6382
6385
6391
6395
6398
6402
6403
6404
6405
6406
6407
6413
6416
6417
6445
6452
6453
6460
6461
6469
6470
6472
6473
6474
6475
6476
6477
6478
6479
6480
6483
6484
6485
6486
6487
6488
6489
6490
6491
6492
6493
6494
6495
6496
6497
6498
6499
6500
6501
6502
6503
6504
6505
6506
6507
6509
6511
6512
6513
6514
6515
6516
6517
6520
6522
6523
6525
6526
6527
6529
6530
6531
6535
6540
6541
6542
6545
6547
6548
6549
6552
6553
6555
6556
6557
6560
6563
6564
6565
6568
6572
6573
6574
6577
6582
6583
6584
6587
6593
6594
6595
6610
6613
6617
6622
6625
6628
6631
6635
6638
6640
6643
6646
6651
6654
6660
6663
6670
6673
6681
6684
6690
6702
6703
6706
6709
6715
6716
6717
6720
6723
6736
6744
6750
6751
6752
6753
6754
6755
6756
6757
6758
6759
6760
6761
6762
6763
6764
6765
6766
6767
6768
6769
6770
6771
6772
6773
6774
6777
6784
6788
6794
6799
6800
6801
6802
6806
6807
6808
6809
6815
6817
6819
6824
6826
6827
6828
6833
6834
6835
6836
6841
6844
6846
6849
6855
6857
6860
6862
6867
6869
6870
6871
6872
6874
6875
6879
6880
6881
6882
6883
6884
6885
6887
6888
6893
6894
6895
6896
6899
6901
6902
6908
6910
6913
6915
6917
6918
6919
6920
6921
6922
6923
6924
6925
6926
6927
6928
6929
6930
6931
6932
6933
6936
6937
6938
6939
6940
6941
6942
6943
6944
6945
6948
6949
6951
6952
6953
6955
6956
6961
6963
6966
6967
6968
6969
6970
6971
6973
6974
6975
6976
6977
6978
6979
6980
6981
6982
6983
6984
6986
6987
6988
6989
6990
6991
6992
6993
6994
6995
6996
6997
7003
7006
7007
7008
7009
7010
7011
7012
7013
7014
7015
7016
7017
7018
7019
7020
7021
7022
7023
7025
7026
7027
7030
7034
7036
7037
7038
7039
7040
7041
7042
7043
7045
7046
7049
7050
7051
7053
7054
7055
7056
7057
7058
7064
7067
7076
7078
7082
7084
7096
7097
7098
7099
7100
7101
7102
7103
7104
7105
7106
7107
7108
7109
7110
7111
7112
7113
7114
7115
7116
7117
7118
7119
7120
7121
7122
7123
7124
7125
7126
7127
7128
7129
7130
7131
7132
7133
7134
7135
7136
7137
7138
7139
7140
7141
7142
7143
7144
7145
7146
7147
7148
7149
7150
7151
7152
7153
7154
7155
7156
7157
7158
7159
7160
7161
7162
7163
7164
7165
7166
7167
7168
7169
7170
7171
7172
7173
7176
7177
7178
7179
7180
7181
7182
7183
7184
7185
7186
7187
7188
7189
7190
7191
7192
7193
7194
7198
7199
7200
7201
7202
7203
7204
7210
7213
7214
7217
7219
7222
7223
7224
7225
7228
7230
7231
7232
7235
7236
7237
7238
7239
7240
7243
7244
7245
7246
7247
7248
7249
7252
7253
7254
7255
7256
7257
7258
7259
7262
7263
7264
7265
7266
7267
7268
7273
7275
7276
7277
7278
7279
7280
7281
7282
7283
7284
7285
7286
7287
7288
7289
7290
7291
7292
7293
7294
7295
7296
7297
7298
7299
7300
7301
7302
7303
7304
7305
7306
7307
7308
7309
7310
7311
7312
7340
7364
7367
7368
7369
7373
7376
7377
7378
7379
7380
7382
7383
7384
7385
7386
7387
7388
7389
7390
7391
7392
7393
7394
7396
7398
7399
7400
7401
7402
7403
7404
7405
7406
7407
7408
7409
7410
7411
7412
7413
7414
7415
7416
7419
7420
7421
7422
7423
7424
7425
7426
7427
7428
7429
7430
7431
7432
7433
7434
7435
7436
7437
7438
7439
7440
7441
7442
7443
7444
7445
7446
7447
7448
7449
7450
7451
7452
7453
7454
7468
7469
7474
7482
7490
7501
7503
7513
7515
7517
7520
7521
7522
7541
7543
7548
7561
7575
7576
7577
7610
7611
7620
7636
7640
7769
15848
15851
15855
15857
15858
15862
15865
15868
15869
15870
15871
15872
15874
15875
15876
15883
15885
15886
3075
3076
3077
3012
3013
3015
3017
3018
3020
3021
3022
3024
3025
3026
3027
3029
3030
3031
3032
3033
3035
3036
3037
3038
3039
3040
3042
3043
3044
3045
3046
3047
3048
3050
3051
3052
3053
3054
3055
3057
3059
3060
3061
3062
3063
3065
3067
3069
3070
3071
3079
3080
3081
3082
3083
3084
3085
3086
3087
3088
3089
3090
3091
3092
3093
3094
3095
3097
3098
3099
3100
3101
3102
3103
3104
3105
3106
3107
3108
3109
3110
3111
3113
3114
3115
3116
3117
3120
3122
3123
3124
3125
3126
3128
3130
3131
3132
3133
3134
3135
3137
3140
3141
3142
3143
3144
3145
3147
3151
3152
3153
3154
3155
3156
3158
3162
3163
3164
3165
3166
3167
3168
3170
3173
3175
3176
3177
3178
3179
3180
3182
3187
3188
3189
3190
3192
3194
3199
2838
2839
2840
2841
2842
2843
2844
2845
2847
2848
2849
2850
2851
2852
2853
2854
2855
2856
2857
2858
2859
2860
2861
2862
2863
2864
2865
2867
2868
2869
2870
2872
2873
2874
2875
2876
2877
2878
2879
2880
2881
2882
2883
2884
2885
2886
2889
2890
2891
2892
2893
2894
2895
2896
2897
2898
2899
2900
2901
2902
7767
2903
2905
2906
2904
2908
2907
2909
2817
2818
2819
2820
2821
2822
2824
2825
2828
2829
2830
2832
2834
2792
2793
2794
2795
2796
2797
2798
2799
2800
2802
2803
2806
2807
2808
2809
2811
2812
2813
2814
2815
3584
3586
3587
3588
3589
3590
3591
3592
3596
3601
3602
3604
3605
3606
3607
3608
3609
3610
3614
3620
3621
3623
3624
3625
3626
3627
3628
3629
3633
3430
3431
3432
3433
3434
3436
3439
3440
3441
3443
3444
3445
3446
3449
3450
3451
3454
3455
3456
3457
3458
3459
3461
3462
3463
3464
3465
3466
3467
3469
3470
3471
3472
3473
3474
3475
3476
3478
3479
3480
3481
3482
3483
3484
3485
3486
3488
3489
3490
3491
3492
3493
3494
3496
3499
3500
3501
3502
3504
3505
3508
3509
3511
3513
3514
3515
3516
3517
3521
3522
3524
3525
3526
3527
3528
3529
3530
3534
3535
3536
3538
3539
3540
3541
3542
3543
3544
3548
3550
3551
3553
3554
3555
3556
3557
3558
3559
3563
3566
3567
3569
3570
3571
3572
3573
3574
3575
3579
3583
2967
2969
2970
2971
2972
2974
2975
2976
2977
2978
2979
2980
2981
2982
2983
2984
2985
2987
2988
2989
2990
2991
2993
2994
2995
2996
2997
2998
2999
3001
3002
3003
3004
3005
3006
3007
3009
3010
3011
3330
3332
3334
3342
3343
3344
3346
3348
3358
3359
3361
3363
3238
3239
3240
3241
3242
3244
3245
3374
3375
3248
3377
3249
3251
3379
3253
3254
3256
3258
3259
3260
3262
3391
3392
3390
3394
3267
3266
3269
3264
3271
3274
3275
3277
3280
3283
3284
3286
3289
3293
3296
3297
3298
3304
3305
3307
3309
3316
3317
3319
3321
15873
4098
15877
4102
15878
4101
4105
15881
15879
4108
15882
4110
15884
4104
3891
3895
3896
3900
3901
3906
3907
3909
3913
3914
3916
3920
3930
3931
3933
3940
3941
3943
3951
3952
3954
3963
3964
3966
3972
3976
3977
3979
3985
3986
3989
3999
4000
4005
4006
4008
4014
4015
4019
4021
4022
4024
4030
4031
4038
4039
4041
4048
4056
4057
4059
4065
4066
15846
15847
15850
4074
15852
15853
15854
4075
15856
4076
4078
15859
15860
4085
15861
15863
15864
4084
15866
15867
4094
2945
2947
2949
2951
2952
2954
2956
2957
2958
2960
2962
2963
2964
2965
2966
2937
2938
7801
7802
2940
4736
4737
4738
4741
4742
4743
4744
4745
4746
4747
4748
4749
4750
4751
4752
4753
4754
4755
4756
4759
4760
4761
4762
4763
4764
4765
4766
4768
4769
4770
4771
4772
4773
4774
4775
4776
4777
4778
4779
4780
4783
4785
4786
4787
4788
4789
4790
4791
4794
4805
4817
4728
4729
4730
4731
4732
4733
4734
2915
2916
2918
2920
2921
2924
2925
2930
2933
2934
2935
2936
5122
5124
5126
5131
5134
5135
5136
5141
5145
5146
5147
5152
5157
5158
5159
5164
5170
5171
5172
5177
5181
5183
5184
5185
5190
5193
5080
5082
5083
5085
5086
5087
5089
5090
5091
5094
5095
5096
5100
5101
5102
5107
5108
5109
5115
5116
5117
7313
7314
7316
7318
7319
7321
7322
7323
7325
7326
7327
7328
7330
7331
7332
7334
7336
7337
7338
7339
7341
7343
7344
7345
7346
7347
7348
7350
7351
7352
7353
7354
7355
7356
7358
7359
7360
7361
7362
7363
7365
7370
7371
7374
4879
4881
4882
4884
4885
4886
4888
4889
4890
4891
4893
4894
4895
4896
4897
4899
4900
4901
4902
4903
4905
4906
4907
4908
4910
4912
4913
4914
4915
4918
4920
4921
4922
4923
4926
4927
5505
5506
5508
5511
5514
5515
5518
5519
5520
5523
5524
5525
5526
5529
5530
5531
5533
5536
5537
5538
5541
5543
5544
5545
5546
5550
5553
5554
5555
5557
5558
5559
5562
5563
5564
5568
5569
5571
5572
5573
5574
5578
5579
5580
5582
5583
5584
5585
5590
5591
5592
5594
5595
5596
5597
5603
5604
5605
5608
5609
5610
5617
5618
5248
5249
5251
5255
5257
5258
5259
5262
5264
5265
5266
5268
5269
5270
5272
5273
5277
5279
5280
5281
5283
5284
5197
5199
5202
5206
5210
5211
5215
5217
5221
5223
5224
5225
5226
5228
5230
5231
5232
5233
5236
5238
5239
5240
5241
5245
5247
5418
5419
5421
5423
5424
5426
5427
5428
5430
5431
5432
5433
5435
5436
5437
5439
5441
5442
5443
5445
5447
5448
5449
5451
5452
5454
5455
5456
5458
5459
5632
5633
5634
5636
5638
5639
5641
5643
5644
5647
5648
5650
5651
5652
5654
5655
5658
5659
5660
5662
5663
5668
5669
5670
5671
5674
5675
5676
5677
5679
5680
5683
5684
5689
5622
5623
5624
5625
5626
5627
5628
5629
6418
6419
6421
6423
6424
6427
6428
6430
6431
6433
6435
6436
6439
6441
6442
6446
6448
6449
6454
6456
6457
6463
6465
6466
2668
2669
2670
2671
2672
2673
2674
2675
2677
2678
2681
2682
2683
6657
6658
6661
6664
6666
6667
6668
6669
6671
6674
6676
6677
6679
6680
6682
6685
6687
6688
6691
6692
6694
6696
6697
6699
6700
6704
6705
6707
6710
6712
6713
6718
6719
6721
6724
6726
6727
6730
6731
6733
6734
6738
6739
6741
6742
6745
6748
6605
6606
6607
6608
6609
6611
6612
6614
6615
6616
6618
6620
6621
6623
6626
6627
6629
6632
6633
6634
6636
6639
6641
6642
6644
6647
6648
6649
6652
6655
5718
5719
5721
5723
5724
5726
5727
5730
5731
5732
5733
5735
5736
5737
5738
5740
5741
5743
5745
5746
5748
5749
5751
5752
5754
5755
6528
6533
6538
6539
6544
6546
6551
6554
6559
6561
6562
6567
6569
6571
6576
6578
6580
6586
6588
6591
6592
6597
6598
6599
6601
6602
6603
6518
6519
6521
6524
7061
7063
7066
7068
7070
7071
7072
7073
7075
7077
7079
7081
7083
7085
7086
7088
7089
7090
7091
7092
7093
7094
7095
2726
2727
2728
2729
2730
2731
2732
2733
2734
2735
2737
2738
3760
3761
3762
3763
3765
3766
3768
3769
3770
3772
3773
3774
3775
3777
3778
3779
3780
3781
3783
3784
3785
3787
3788
3790
3791
3792
5828
5829
5830
5831
5832
5834
5835
5837
5838
5839
5840
5841
5843
5844
5846
5848
5849
5850
5852
5854
5855
5856
5857
5859
5861
5862
5865
5867
5869
6081
6145
6085
6118
6119
6090
6126
6096
6128
6131
6132
6110
6103
6138
6075
6076
6078
6111
6400
6369
6374
6375
6378
6379
6383
6384
6386
6388
6390
6392
6393
6396
6397
6399
6912
6785
6789
6793
6796
6803
6810
6814
6816
6818
6820
6823
6903
6829
6830
6837
6839
6840
6843
6845
6847
6850
6851
6781
6854
6856
6858
6859
6863
6866
6876
6889
6890
6898
6775
6904
6778
6907
6909
6911
4120
4121
4122
4123
4124
4126
4127
4130
4135
4136
4141
4142
4147
4148
4152
4153
4154
4159
4160
4161
4166
4168
4169
4174
5025
5026
5029
5033
5034
5035
5038
5039
5015
5016
5017
5018
5019
5020
5021
5022
5481
5483
5486
5488
5490
5492
5494
5496
5497
5499
5501
6786
6852
6821
6791
6891
6797
6831
6864
6804
6905
6779
6812
6877
6782
7233
7205
7206
7271
7208
7241
7211
7218
7250
7220
7226
7260
7229
5410
5380
5349
5415
5356
5389
5360
5362
5363
5399
5371
5404
5343
3328
3370
3403
3341
3355
4128
4162
4132
4137
4170
4143
4149
4155
4125
3561
3594
3532
3507
3577
3546
3612
3613
3519
4643
4645
4646
4647
4648
4649
4650
4651
3203
3205
3208
3212
3217
3223
3230
5057
5059
5063
5065
5070
5072
5043
5076
5045
5048
5050
5052
5054
5315
5289
5291
5294
5298
5303
5309
5697
5699
5701
5703
5704
5708
5712
5713
3651
3656
3641
3642
3644
3647
4073
4077
3898
4091
3902
4622
4624
4625
4626
4627
4640
4636
4637
4638
4639
5058
5064
5071
5046
5049
5053
5888
5892
5875
5877
5880
5884
3841
3836
3837
3839
5401
5412
5382
5391
5891
5895
5984
5987
5992
5998
6004
6017
6019
6022
6026
6027
6029
6030
6408
6409
6411
6414
6950
6954
6959
6960
6972
7001
7004
6998
6999
7032
7033
7035
7031
7457
7459
7460
7463
7455
7552
2694
2695
2636
7493
2746
3232
3236
3231
3380
3381
3383
3410
3426
3423
3726
4058
3884
4054
4341
4994
4989
4990
6050
6052
6055
6095
6147
6143
6265
6258
6261
7044
7052
7047
7570
2750
2751
2789
2788
7645
7500
2648
7506
2651
7555
7556
2740
2741
2744
7624
2769
3325
3318
3417
3418
3419
3420
4036
4046
4592
4591
4932
4933
4939
4943
4952
4953
6176
6178
7195
7196
7395
7381
2638
2639
2649
2647
2658
2660
7523
2684
7562
2707
2710
7567
7616
2759
2609
7471
2617
7476
2621
2623
2624
2625
7483
2628
2629
2630
2631
2632
2633
2635
2640
7497
2653
2655
2656
7518
2663
7542
2688
2689
7546
2691
2693
2697
7554
2702
2703
2712
7572
2717
2718
2722
2723
2724
2725
2742
2743
2748
2752
2753
2756
2761
2763
7627
2773
2774
2777
2778
2779
2781
2791
2912
2914
3315
3414
3658
3742
3754
3804
3808
3870
3937
3981
4202
4212
4214
4244
4268
4334
4337
4342
4464
4467
4545
4554
4566
4569
4584
4602
4720
4977
5105
5114
5153
5916
6363
6482
6510
6534
6934
6946
6962
6965
7028
7174
7270
7418
